100
140
189
156
 71
119
186
 29
164
 50
133
184
 61
123
150
134
 85
167
 88
107
 38
104
148
 69
108
  9
 66
 57
 84
198
122
 26
117
 33
124
 92
102
165
 89
 40
158
125
161
 76
194
 68
183
 55
 99
 37
 67
109
 73
 17
113
 87
151
 95
 79
 75
153
100
200
171
 19
115
178
162
147
 82
141
143
114
 91
 36
196
 10
 65
145
 39
 12
 22
157
 49
 47
191
  7
 24
 77
118
193
 78
 23
106
137
 32
169
 58
103
149
135
 21
129
174
175
 27
 74
 53
 51
 43
139
 18
130
120
160
 16
 96
155
 41
199
 52
144
127
 42
177
146
  4
172
 35
131
138
182
 94
 25
 97
136
 20
111
110
 93
176
152
 63
 13
 30
197
180
132
181
  1
 60
121
126
168
166
 81
128
  3
 28
173
 98
185
 80
 83
  2
154
 54
 15
 14
190
 31
116
  5
 86
 72
 56
 11
192
  8
 70
  6
170
179
188
 44
 90
 64
112
195
 46
163
 62
 34
 45
105
159
142
101
 48
 59
187
